
1)  (A AND B) OR C :
0 0 0  =  [-0.00210791]
0 0 1  =  [ 0.99684276]
0 1 0  =  [-0.00167214]
0 1 1  =  [ 0.99328039]
1 0 0  =  [-0.00144703]
1 0 1  =  [ 0.99246093]
1 1 0  =  [ 0.98752535]
1 1 1  =  [ 1.0216004]

2)(NOT (A OR B)) AND C
0 0 0  =  [  2.22044605e-16]
0 0 1  =  [ 1.]
0 1 0  =  [  2.22044605e-16]
0 1 1  =  [ -6.66133815e-16]
1 0 0  =  [ 0.]
1 0 1  =  [  2.22044605e-16]
1 1 0  =  [ -4.44089210e-16]
1 1 1  =  [ 1.]

3) NOT ( (A OR B) AND C) 
0 0 0  =  [ 1.00573696]
0 0 1  =  [ 0.99622717]
0 1 0  =  [ 0.98631449]
0 1 1  =  [ 0.00112076]
1 0 0  =  [ 0.98639846]
1 0 1  =  [ 0.00428197]
1 1 0  =  [ 1.00668135]
1 1 1  =  [-0.01270967]
